0.9803921568627451 0.9098039215686274 0.8823529411764706
0.9764705882352941 0.8901960784313725 0.8784313725490196
0.9686274509803922 0.9058823529411765 0.9058823529411765
0.9686274509803922 0.8470588235294118 0.8313725490196079
0.9294117647058824 0.8431372549019608 0.8549019607843137
0.9764705882352941 0.8156862745098039 0.7803921568627451
0.9607843137254902 0.8117647058823529 0.7764705882352941
0.9490196078431372 0.803921568627451 0.792156862745098
0.9254901960784314 0.7725490196078432 0.7176470588235294
0.9490196078431372 0.7647058823529411 0.7176470588235294
0.9686274509803922 0.7372549019607844 0.6431372549019608
0.8941176470588236 0.7764705882352941 0.7411764705882353
0.9490196078431372 0.7098039215686275 0.6666666666666666
0.9607843137254902 0.7215686274509804 0.6470588235294118
0.9372549019607843 0.7137254901960784 0.6470588235294118
0.8784313725490196 0.6941176470588235 0.6509803921568628
0.9294117647058824 0.7372549019607844 0.6784313725490196
0.8901960784313725 0.6980392156862745 0.6588235294117647
0.9647058823529412 0.6862745098039216 0.5803921568627451
0.9607843137254902 0.6784313725490196 0.5333333333333333
0.8784313725490196 0.6745098039215687 0.5882352941176471
0.8823529411764706 0.6392156862745098 0.5215686274509804
0.8588235294117647 0.5803921568627451 0.4235294117647059
0.8313725490196079 0.5607843137254902 0.40784313725490196
0.9254901960784314 0.615686274509804 0.5764705882352941
0.9019607843137255 0.5568627450980392 0.4588235294117647
0.8823529411764706 0.6235294117647059 0.5529411764705883
0.9098039215686274 0.592156862745098 0.45098039215686275
0.8784313725490196 0.5607843137254902 0.4196078431372549
0.8745098039215686 0.5019607843137255 0.4235294117647059
0.8784313725490196 0.3764705882352941 0.2
0.7333333333333333 0.48627450980392156 0.3686274509803922
0.7333333333333333 0.4549019607843137 0.35294117647058826
0.792156862745098 0.4549019607843137 0.3176470588235294
0.7764705882352941 0.396078431372549 0.17647058823529413
0.7254901960784313 0.43137254901960786 0.3137254901960784
0.7647058823529411 0.4745098039215686 0.2627450980392157
0.6549019607843137 0.4196078431372549 0.29411764705882354
0.7333333333333333 0.3568627450980392 0.19215686274509805
0.7725490196078432 0.3764705882352941 0.22745098039215686
0.6431372549019608 0.3176470588235294 0.08235294117647059
0.5372549019607843 0.18823529411764706 0.03137254901960784
0.6274509803921569 0.29411764705882354 0.12549019607843137
0.44313725490196076 0.21176470588235294 0.058823529411764705
0.48627450980392156 0.2196078431372549 0.08235294117647059
0.5725490196078431 0.2235294117647059 0.054901960784313725
0.4627450980392157 0.16862745098039217 0.01568627450980392
0.5058823529411764 0.2901960784313726 0.16470588235294117
0.5607843137254902 0.24313725490196078 0.08627450980392157
0.5882352941176471 0.34901960784313724 0.18823529411764706
0.596078431372549 0.06274509803921569 0
0.08235294117647059 0.1843137254901961 0.1411764705882353
0.043137254901960784 0.14901960784313725 0.10588235294117647
