0.5137254901960784 0.796078431372549 0.5450980392156862
0.47058823529411764 0.7490196078431373 0.5176470588235295
0.48627450980392156 0.7568627450980392 0.5137254901960784
0.4823529411764706 0.792156862745098 0.611764705882353
0.4823529411764706 0.7686274509803922 0.6
0.4392156862745098 0.7764705882352941 0.6
0.4549019607843137 0.796078431372549 0.592156862745098
0.5137254901960784 0.8 0.5764705882352941
0.5372549019607843 0.8117647058823529 0.5294117647058824
0.43529411764705883 0.7411764705882353 0.40784313725490196
0.4745098039215686 0.7333333333333333 0.3803921568627451
0.30980392156862746 0.5098039215686274 0.20784313725490197
0.23529411764705882 0.48627450980392156 0.1843137254901961
0.23921568627450981 0.47058823529411764 0.1450980392156863
0.25882352941176473 0.4588235294117647 0.23921568627450981
0.3176470588235294 0.4666666666666667 0.20392156862745098
0.23529411764705882 0.4 0.1411764705882353
0.19607843137254902 0.36470588235294116 0.054901960784313725
0.21176470588235294 0.38823529411764707 0.13333333333333333
0.16862745098039217 0.3764705882352941 0.054901960784313725
0.2235294117647059 0.403921568627451 0.11372549019607843
0.1607843137254902 0.38823529411764707 0.09019607843137255
0.20392156862745098 0.3686274509803922 0.08627450980392157
0.2235294117647059 0.3843137254901961 0.08627450980392157
0.18823529411764706 0.34901960784313724 0.07058823529411765
0.20784313725490197 0.34509803921568627 0.03137254901960784
0.19215686274509805 0.32941176470588235 0.06274509803921569
0.1843137254901961 0.3137254901960784 0.058823529411764705
0.16470588235294117 0.30196078431372547 0.050980392156862744
0.2196078431372549 0.36470588235294116 0.09411764705882353
0.2784313725490196 0.4117647058823529 0.07058823529411765
0.24313725490196078 0.396078431372549 0.0784313725490196
0.27058823529411763 0.45098039215686275 0.10588235294117647
0.5098039215686274 0.6823529411764706 0.1411764705882353
0.49411764705882355 0.6666666666666666 0.12549019607843137
0.4470588235294118 0.6588235294117647 0.12549019607843137
0.45098039215686275 0.7098039215686275 0.20392156862745098
0.396078431372549 0.6235294117647059 0.1843137254901961
0.4196078431372549 0.6235294117647059 0.054901960784313725
0.47058823529411764 0.596078431372549 0.043137254901960784
0.43137254901960786 0.5294117647058824 0.023529411764705882
0.41568627450980394 0.5294117647058824 0.054901960784313725
0.44313725490196076 0.5098039215686274 0.00392156862745098
0.3803921568627451 0.47058823529411764 0
0.403921568627451 0.4392156862745098 0
0.30980392156862746 0.38823529411764707 0.047058823529411764
0.30980392156862746 0.4 0.01568627450980392
0.29411764705882354 0.44313725490196076 0
0.30980392156862746 0.4235294117647059 0
0.6745098039215687 0.4392156862745098 0.6862745098039216
0.7098039215686275 0.47058823529411764 0.7803921568627451
0.6823529411764706 0.4666666666666667 0.7843137254901961
0.6627450980392157 0.45098039215686275 0.7803921568627451
0.6588235294117647 0.4235294117647059 0.7098039215686275
0.6352941176470588 0.40784313725490196 0.7058823529411765
0.5764705882352941 0.37254901960784315 0.6627450980392157
0.5490196078431373 0.3333333333333333 0.6549019607843137
0.5372549019607843 0.34901960784313724 0.6823529411764706
0.49411764705882355 0.3333333333333333 0.6392156862745098
0.4627450980392157 0.3176470588235294 0.6392156862745098
0.43137254901960786 0.2980392156862745 0.6352941176470588
0.41568627450980394 0.2901960784313726 0.5764705882352941
0.4588235294117647 0.32941176470588235 0.6784313725490196
0.4823529411764706 0.3764705882352941 0.7254901960784313
0.3607843137254902 0.30196078431372547 0.6470588235294118
0.33725490196078434 0.27450980392156865 0.6235294117647059
0.37254901960784315 0.3058823529411765 0.6666666666666666
0.4 0.3254901960784314 0.6784313725490196
0.35294117647058826 0.2549019607843137 0.611764705882353
0.3176470588235294 0.2196078431372549 0.5490196078431373
0.3333333333333333 0.23137254901960785 0.5882352941176471
0.35294117647058826 0.27058823529411763 0.6352941176470588
0.3803921568627451 0.2901960784313726 0.611764705882353
0.3254901960784314 0.20784313725490197 0.5568627450980392
0.34901960784313724 0.24313725490196078 0.5529411764705883
0.34901960784313724 0.23921568627450981 0.5294117647058824
0.4980392156862745 0.2823529411764706 0
0.5803921568627451 0.32941176470588235 0.011764705882352941
0.5450980392156862 0.3607843137254902 0
0.5568627450980392 0.3607843137254902 0.011764705882352941
0.5686274509803921 0.37254901960784315 0
0.6431372549019608 0.36470588235294116 0.00392156862745098
0.592156862745098 0.37254901960784315 0.00784313725490196
0.6039215686274509 0.3686274509803922 0
0.615686274509804 0.37254901960784315 0.00784313725490196
0.6 0.38823529411764707 0
0.6470588235294118 0.42745098039215684 0
0.6627450980392157 0.41568627450980394 0
0.7058823529411765 0.42745098039215684 0.011764705882352941
0.7490196078431373 0.47058823529411764 0.01568627450980392
0.7686274509803922 0.5137254901960784 0.00392156862745098
0.7607843137254902 0.47058823529411764 0
0.792156862745098 0.5058823529411764 0.00392156862745098
0.8196078431372549 0.5372549019607843 0.00392156862745098
0.8745098039215686 0.596078431372549 0.03137254901960784
0.9019607843137255 0.6588235294117647 0
0.9647058823529412 0.6666666666666666 0
0.9176470588235294 0.6705882352941176 0.023529411764705882
0.9450980392156862 0.6941176470588235 0
0.9764705882352941 0.6901960784313725 0
0.9921568627450981 0.7176470588235294 0
0.996078431372549 0.7215686274509804 0.00784313725490196
0.9921568627450981 0.7098039215686275 0.011764705882352941
0.9411764705882353 0.7137254901960784 0
